0 0.471875 0.2924107142857143 0.0765625 0.11383928571428571
0 0.1890625 0.29017857142857145 0.071875 0.109375
0 0.740625 0.31026785714285715 0.0625 0.12053571428571429
0 0.8453125 0.29464285714285715 0.0796875 0.10267857142857142
0 0.3703125 0.28348214285714285 0.0640625 0.11607142857142858
0 0.59375 0.20089285714285715 0.071875 0.13169642857142858
0 0.3546875 0.20089285714285715 0.0390625 0.08482142857142858
0 0.703125 0.2544642857142857 0.0484375 0.078125
1 0.396875 0.19196428571428573 0.046875 0.07589285714285714
1 0.75625 0.24330357142857142 0.0328125 0.07142857142857142
1 0.6921875 0.3325892857142857 0.0390625 0.06919642857142858
1 0.6359375 0.21428571428571427 0.0328125 0.06919642857142858